4(876),
5(903),
6(874),
7(877),
8(878),
9(901),
10(880),
11(881),
12(885),
13(870),
14(907),
15(871),
16(886),
17(877),
18(891),
19(884),
20(870),
21(892),
22(884),
23(878),
24(870),
25(898),
26(870),
27(892),
28(877),
29(875),
30(893),
31(879),
32(906),
33(871),
34(878),
35(888),
36(877),
37(888),
38(875),
39(888),
40(883),
41(882),
42(894),
43(862),
44(887),
45(886),
46(885),
47(868),
48(891),
49(899),
50(881),
51(887),
52(876),
53(887),
54(878),
55(898),
56(879),
57(885),
58(898),
59(883),
60(882),
61(872),
62(897),
63(872),
64(887),
65(896),
66(870),
67(887),
68(868),
69(895),
70(869),
71(879),
72(889),
73(877),
74(888),
75(885),
76(895),
77(864),
78(894),
79(883),
80(870),
81(890),
82(868),
83(883),
84(884),
85(888),
86(877),
87(880),
88(900),
89(870),
90(885),
91(874),
92(891),
93(876),
94(892),
95(891),
96(875),
97(890),
98(873),
99(896),
100(874),
101(890),
102(898),
103(857),
104(896),
105(0),
106(891),
107(867),
108(889),
109(875),
110(891),
111(890),
112(879),
113(890),
114(881),
115(896),
116(881),
117(883),
118(883),
119(0),
120(897),
121(887),
122(885),
123(877),
124(879),
125(891),
126(874),
127(890),
128(874),
129(893),
130(871),
131(894),
132(879),
133(875),
134(892),
135(878),
136(890),
137(883),
138(882),
139(878),
140(891),
141(895),
142(860),
143(892),
144(0),
145(890),
146(868),
147(889),
148(892),
149(876),
150(884),
151(878),
152(882),
153(886),
154(885),
155(883),
156(864),
157(891),
158(884),
159(884),
160(878),
161(890),
162(878),
163(882),
164(896),
165(868),
166(901),
167(871),
168(884),
169(882),
170(880),
171(899),
172(876),
173(884),
174(878),
175(888),
176(877),
177(887),
178(883),
179(874),
180(903),
181(875),
182(883),
183(871),
184(897),
185(892),
186(874),
187(883),
188(876),
189(898),
190(884),
191(875),
192(872),
193(892),
194(881),
195(882),
196(898),
197(882),
198(879),
199(885),
200(888),
201(880),
202(878),
203(895),
204(875),
205(887),
206(887),
207(885),
208(879),
209(881),
210(891),
211(877),
212(883),
213(870),
214(883),
215(883),
216(887),
217(883),
218(867),
219(889),
220(881),
221(885),
222(870),
223(881),
224(893),
225(875),
226(889),
227(877),
228(883),
229(868),
230(891),
231(884),
232(883),
233(897),
234(874),
235(884),
236(881),
237(884),
238(883),
239(877),
240(888),
241(881),
242(889),
243(871),
244(887),
245(880),
246(893),
247(893),
248(869),
249(884),
250(877),
251(900),
252(869),
253(885),
254(890),
255(878),
256(897),
257(876),
258(880),
259(875),
260(888),
261(879),
262(880),
263(898),
264(882),
265(889),
266(870),
267(892),
268(872),
269(880),
270(887),
271(885),
272(882),
273(874),
274(881),
275(859),
276(879),
277(884),
278(867),
279(878),
280(878),
281(888),
282(864),
283(874),
284(887),
285(866),
286(887),
287(873),
288(873),
289(858),
290(896),
291(874),
292(872),
293(891),
294(862),
295(882),
296(0),
297(0),
298(0),
299(870),
300(903),
301(861),
302(878),
303(868),
304(884),
305(861),
306(877),
307(879),
308(871),
309(887),
310(869),
311(896),
312(852),
313(883),
314(875),
315(876),
316(892),
317(873),
318(867),
319(873),
320(889),
321(881),
322(871),
323(889),
324(866),
325(882),
326(867),
327(887),
328(866),
329(887),
330(899),
331(853),
332(889),
333(865),
334(879),
335(873),
336(879),
337(896),
338(866),
339(889),
340(867),
341(881),
342(865),
343(886),
344(863),
345(876),
346(892),
347(875),
348(879),
349(861),
350(880),
351(870),
352(875),
353(888),
354(871),
355(882),
356(881),
357(878),
358(864),
359(884),
360(889),
361(862),
362(888),
363(870),
364(887),
365(866),
366(879),
367(884),
368(862),
369(890),
370(866),
371(884),
372(876),
373(881),
374(877),
375(865),
376(888),
377(865),
378(885),
379(863),
380(881),
381(881),
382(885),
383(882),
384(861),
385(894),
386(878),
387(876),
388(872),
389(881),
390(885),
391(871),
392(878),
393(858),
394(885),
395(877),
396(880),
397(871),
398(876),
399(893),
400(872),
401(876),
402(866),
403(879),
404(881),
405(885),
406(881),
407(878),
408(880),
409(872),
410(872),
411(871),
412(888),
413(884),
414(857),
415(886),
416(875),
417(878),
418(871),
419(877),
420(888),
421(878),
422(878),
423(878),
424(870),
425(875),
426(886),
427(871),
428(868),
429(878),
430(873),
431(885),
432(866),
433(886),
434(867),
435(886),
436(876),
437(872),
438(876),
439(862),
440(874),
441(878),
442(891),
443(884),
444(869),
445(883),
446(870),
447(895),
